{
    "iv": 0.16284942626953125,
    "delta": 0.7920592056541468,
    "gamma": -0.0017227269190250513,
    "theta": 20.601616832320076,
    "vega": -2.9264937663390564
}